245.00999450683594
245.27999877929688
248.44000244140625
249.9600067138672
253.1699981689453
236.1699981689453
237.4499969482422
218.32000732421875
215.24000549316406
211.47999572753906
213.47000122070312
214.05999755859375
217.9600067138672
219.33999633789062
215.66000366210938
213.97000122070312
207.57000732421875
209.69000244140625
240.80999755859375
234.55999755859375
235.66000366210938
227.4499969482422
230.75999450683594
232.4199981689453
233.9199981689453
237.89999389648438
243.3000030517578
242.72000122070312
245.07000732421875
245.2100067138672
245.44000244140625
248.74000549316406
253.13999938964844
245.72999572753906
246.2899932861328
245.82000732421875
240.1999969482422
239.88999938964844
236.1699981689453
235.3000030517578
227.44000244140625
228.50999450683594
226.52999877929688
226.7899932861328
231.89999389648438
235.17999267578125
234.44000244140625
236.77000427246094
231.7100067138672
236.44000244140625
236.77999877929688
246.69000244140625
252.77999877929688
256.7799987792969
259.2099914550781
260.6199951171875
259.3999938964844
261.5199890136719
261.739990234375
261.3399963378906
253.1300048828125
243.10000610351562
246.1699981689453
252.07000732421875
244.7899932861328
237.19000244140625
238.7899932861328
238.5500030517578
243.02000427246094
244.86000061035156
250.36000061035156
243.52999877929688
237
242.0800018310547
241.0800018310547
242.58999633789062
253.50999450683594
255.63999938964844
261.1700134277344
256.17999267578125
242.3000030517578
247.58999633789062
260.57000732421875
264.0299987792969
263.1400146484375
266.0799865722656
269.0899963378906
277.8299865722656
288.9100036621094
295.0899963378906
296.1600036621094
286.6099853515625
292.7799987792969
287.20001220703125
293.6099853515625
298.4200134277344
299.8800048828125
305.5799865722656
313.8599853515625
300.44000244140625
307.29998779296875
307.5799865722656
308.6099853515625
300.9800109863281
299.3999938964844
298.2099914550781
300.82000732421875
297.5
295.5799865722656
294.8800048828125
288.9200134277344
286.4700012207031
283.29998779296875
282.92999267578125
289.5
300.4200134277344
316.0899963378906
323.489990234375
325.239990234375
332.04998779296875
330.05999755859375
335.7699890136719
337.739990234375
345.6499938964844
344.17999267578125
340.239990234375
340.19000244140625
342.44000244140625
345.25
345.8900146484375
338.510009765625
339.9700012207031
345.05999755859375
344.4800109863281
341.489990234375
364.5
367.0199890136719
376.8999938964844
371.9700012207031
368.260009765625
368.3299865722656
366.8800048828125
366.4100036621094
366.0899963378906
261.9700012207031
267.82000732421875
282.0899963378906
302.7799987792969
314.75
316.1499938964844
310.54998779296875
302.3999938964844
299.44000244140625
291.1300048828125
278.8599853515625
286.489990234375
280.20001220703125
283.3299865722656
284.7300109863281
290.1199951171875
287.5799865722656
282.1600036621094
285.239990234375
280.5799865722656
282.04998779296875
287.6300048828125
286.7799987792969
285.07000732421875
286.69000244140625
282.260009765625
284.1300048828125
279.4200134277344
273.3999938964844
269.5400085449219
265.20001220703125
269.010009765625
268.5799865722656
279.1300048828125
281
283.8599853515625
279.07000732421875
272.1499938964844
275.0199890136719
277.3299865722656
281.1400146484375
277.7099914550781
281.67999267578125
293.489990234375
293.82000732421875
288.7900085449219
291.4200134277344
293.4100036621094
290.8900146484375
287.3399963378906
295.32000732421875
296.2099914550781
300.57000732421875
305.5199890136719
303.010009765625
295.6700134277344
297.4700012207031
